name	Px	Py	Pz	Ox	Oy	Oz	Units
FL1(X)	-4.323280e-02	1.032482e-01	-1.605840e-02	7.971640e-01	5.650480e-01	-2.127210e-01	m
FL1(Y)	-4.323280e-02	1.032482e-01	-1.605840e-02	-2.773530e-01	2.976454e-02	-9.603069e-01	m
FL1(Z)	-4.323280e-02	1.032482e-01	-1.605840e-02	5.362880e-01	-8.245210e-01	-1.804450e-01	m
FL2(X)	-7.085024e-02	7.568465e-02	-2.669371e-02	5.108638e-01	8.572177e-01	-6.477598e-02	m
FL2(Y)	-7.085024e-02	7.568465e-02	-2.669371e-02	-1.414170e-01	9.475769e-03	-9.899048e-01	m
FL2(Z)	-7.085024e-02	7.568465e-02	-2.669371e-02	8.479501e-01	-5.148670e-01	-1.260660e-01	m
FL3(X)	-2.670238e-02	1.013912e-01	2.221152e-02	-5.971909e-01	-5.231509e-01	6.080099e-01	m
FL3(Y)	-2.670238e-02	1.013912e-01	2.221152e-02	7.373713e-01	-5.974964e-02	6.728399e-01	m
FL3(Z)	-2.670238e-02	1.013912e-01	2.221152e-02	3.156689e-01	-8.501426e-01	-4.214388e-01	m
FL4(X)	-5.988730e-02	8.046785e-02	1.391499e-02	-6.136199e-01	-7.851819e-01	8.342699e-02	m
FL4(Y)	-5.988730e-02	8.046785e-02	1.391499e-02	2.620586e-01	-1.028443e-01	9.595563e-01	m
FL4(Z)	-5.988730e-02	8.046785e-02	1.391499e-02	7.448459e-01	-6.106660e-01	-2.688710e-01	m
FL5(X)	-8.001431e-02	5.089777e-02	1.468084e-03	-3.777560e-01	-9.241051e-01	-5.770800e-02	m
FL5(Y)	-8.001431e-02	5.089777e-02	1.468084e-03	1.004373e-01	-1.028556e-01	9.896126e-01	m
FL5(Z)	-8.001431e-02	5.089777e-02	1.468084e-03	9.204417e-01	-3.680359e-01	-1.316690e-01	m
FL6(X)	-3.792333e-02	7.432883e-02	5.051551e-02	4.135690e-01	8.071669e-01	-4.212390e-01	m
FL6(Y)	-3.792333e-02	7.432883e-02	5.051551e-02	-7.810964e-01	7.682375e-02	-6.196664e-01	m
FL6(Z)	-3.792333e-02	7.432883e-02	5.051551e-02	4.678131e-01	-5.853031e-01	-6.622471e-01	m
FL7(X)	-6.743540e-02	4.840329e-02	3.989279e-02	3.865830e-01	9.154270e-01	-1.120130e-01	m
FL7(Y)	-6.743540e-02	4.840329e-02	3.989279e-02	-5.042653e-01	1.081166e-01	-8.567539e-01	m
FL7(Z)	-6.743540e-02	4.840329e-02	3.989279e-02	7.721851e-01	-3.876911e-01	-5.034141e-01	m
PL1(X)	-3.906365e-02	4.045334e-02	7.016395e-02	2.307211e-01	9.358392e-01	-2.664071e-01	m
PL1(Y)	-3.906365e-02	4.045334e-02	7.016395e-02	-8.620419e-01	6.961222e-02	-5.020338e-01	m
PL1(Z)	-3.906365e-02	4.045334e-02	7.016395e-02	4.512778e-01	-3.454838e-01	-8.227936e-01	m
PL2(X)	-6.833174e-02	1.305832e-02	5.775027e-02	-2.583441e-01	-9.622735e-01	8.537004e-02	m
PL2(Y)	-6.833174e-02	1.305832e-02	5.775027e-02	6.444344e-01	-1.058275e-01	7.573010e-01	m
PL2(Z)	-6.833174e-02	1.305832e-02	5.775027e-02	7.196961e-01	-2.506600e-01	-6.474621e-01	m
PL3(X)	-8.645478e-02	1.528993e-02	2.406469e-02	2.485919e-01	9.646077e-01	8.794397e-02	m
PL3(Y)	-8.645478e-02	1.528993e-02	2.406469e-02	-2.284856e-01	1.466302e-01	-9.624417e-01	m
PL3(Z)	-8.645478e-02	1.528993e-02	2.406469e-02	9.412739e-01	-2.191610e-01	-2.568500e-01	m
PL4(X)	-3.892683e-02	3.217208e-03	8.233344e-02	1.538399e-01	9.780385e-01	-1.406199e-01	m
PL4(Y)	-3.892683e-02	3.217208e-03	8.233344e-02	-8.893966e-01	7.506326e-02	-4.509314e-01	m
PL4(Z)	-3.892683e-02	3.217208e-03	8.233344e-02	4.304729e-01	-1.944380e-01	-8.814119e-01	m
PL5(X)	-6.758858e-02	-2.536909e-02	6.551402e-02	-3.819099e-02	-9.922348e-01	-1.183700e-01	m
PL5(Y)	-6.758858e-02	-2.536909e-02	6.551402e-02	6.994058e-01	-1.111468e-01	7.060297e-01	m
PL5(Z)	-6.758858e-02	-2.536909e-02	6.551402e-02	7.137037e-01	5.582398e-02	-6.982197e-01	m
PL6(X)	-8.815143e-02	-2.434224e-02	3.067400e-02	-3.283200e-02	9.823099e-01	1.843620e-01	m
PL6(Y)	-8.815143e-02	-2.434224e-02	3.067400e-02	-2.886506e-01	1.672817e-01	-9.427076e-01	m
PL6(Z)	-8.815143e-02	-2.434224e-02	3.067400e-02	9.568714e-01	8.416704e-02	-2.780521e-01	m
PL7(X)	-3.467808e-02	-3.709517e-02	8.591201e-02	2.453000e-03	9.896200e-01	1.436880e-01	m
PL7(Y)	-3.467808e-02	-3.709517e-02	8.591201e-02	-9.324096e-01	5.419192e-02	-3.573173e-01	m
PL7(Z)	-3.467808e-02	-3.709517e-02	8.591201e-02	3.613951e-01	1.330990e-01	-9.228642e-01	m
PL8(X)	-5.513440e-02	-6.275648e-02	6.446308e-02	-2.203031e-01	8.775623e-01	4.258532e-01	m
PL8(Y)	-5.513440e-02	-6.275648e-02	6.446308e-02	-7.704476e-01	1.112041e-01	-6.277293e-01	m
PL8(Z)	-5.513440e-02	-6.275648e-02	6.446308e-02	5.982282e-01	4.663882e-01	-6.516173e-01	m
PL9(X)	-7.589832e-02	-6.332867e-02	3.338276e-02	3.524211e-01	-8.774572e-01	-3.253741e-01	m
PL9(Y)	-7.589832e-02	-6.332867e-02	3.338276e-02	4.218495e-01	-1.614037e-01	8.921838e-01	m
PL9(Z)	-7.589832e-02	-6.332867e-02	3.338276e-02	8.353698e-01	4.516829e-01	-3.132729e-01	m
OL1(X)	-2.105475e-02	-8.054449e-02	6.841872e-02	1.472019e-01	-7.145747e-01	-6.838967e-01	m
OL1(Y)	-2.105475e-02	-8.054449e-02	6.841872e-02	9.705392e-01	-2.899294e-02	2.391924e-01	m
OL1(Z)	-2.105475e-02	-8.054449e-02	6.841872e-02	1.907490e-01	6.989580e-01	-6.892550e-01	m
OL2(X)	-4.391418e-02	-9.304917e-02	3.818808e-02	-4.738480e-01	5.876401e-01	6.558561e-01	m
OL2(Y)	-4.391418e-02	-9.304917e-02	3.818808e-02	-7.672727e-01	8.999065e-02	-6.349759e-01	m
OL2(Z)	-4.391418e-02	-9.304917e-02	3.818808e-02	4.321579e-01	8.041028e-01	-4.082379e-01	m
OL3(X)	-6.327426e-02	-8.989823e-02	2.464182e-03	6.672991e-01	-6.945721e-01	-2.688521e-01	m
OL3(Y)	-6.327426e-02	-8.989823e-02	2.464182e-03	2.390516e-01	-1.421395e-01	9.605471e-01	m
OL3(Z)	-6.327426e-02	-8.989823e-02	2.464182e-03	7.053837e-01	7.052417e-01	-7.118897e-02	m
OL4(X)	-7.378521e-02	-7.792434e-02	-3.408655e-02	-5.525302e-01	8.329853e-01	2.908401e-02	m
OL4(Y)	-7.378521e-02	-7.792434e-02	-3.408655e-02	-1.279592e-02	2.641265e-02	-9.995692e-01	m
OL4(Z)	-7.378521e-02	-7.792434e-02	-3.408655e-02	8.333941e-01	5.526651e-01	3.935001e-03	m
OL5(X)	-2.373391e-02	-1.108061e-01	8.436470e-03	5.280361e-01	-3.036631e-01	-7.930742e-01	m
OL5(Y)	-2.373391e-02	-1.108061e-01	8.436470e-03	8.224326e-01	-4.985784e-02	5.666735e-01	m
OL5(Z)	-2.373391e-02	-1.108061e-01	8.436470e-03	2.116190e-01	9.514740e-01	-2.234160e-01	m
OL6(X)	-4.307274e-02	-1.062438e-01	-2.862015e-02	8.553111e-01	-4.987201e-01	-1.404320e-01	m
OL6(Y)	-4.307274e-02	-1.062438e-01	-2.862015e-02	1.440909e-01	-3.138852e-02	9.890665e-01	m
OL6(Z)	-4.307274e-02	-1.062438e-01	-2.862015e-02	4.976749e-01	8.661948e-01	-4.501399e-02	m
TL1(X)	-8.611201e-02	4.095704e-02	-4.082498e-02	2.349029e-01	9.708376e-01	-4.790698e-02	m
TL1(Y)	-8.611201e-02	4.095704e-02	-4.082498e-02	-9.066049e-02	-2.718838e-02	-9.955107e-01	m
TL1(Z)	-8.611201e-02	4.095704e-02	-4.082498e-02	9.677816e-01	-2.381919e-01	-8.162996e-02	m
TL2(X)	-8.960611e-02	2.090786e-02	-9.997310e-03	-2.123240e-01	-9.723562e-01	-9.717002e-02	m
TL2(Y)	-8.960611e-02	2.090786e-02	-9.997310e-03	6.081420e-03	-1.007501e-01	9.948932e-01	m
TL2(Z)	-8.960611e-02	2.090786e-02	-9.997310e-03	9.771803e-01	-2.106491e-01	-2.730501e-02	m
TL3(X)	-9.436741e-02	7.196141e-04	-4.600525e-02	1.527330e-01	9.877411e-01	-3.225200e-02	m
TL3(Y)	-9.436741e-02	7.196141e-04	-4.600525e-02	-2.207006e-02	-2.921773e-02	-9.993294e-01	m
TL3(Z)	-9.436741e-02	7.196141e-04	-4.600525e-02	9.880211e-01	-1.533420e-01	-1.733700e-02	m
TL4(X)	-9.385000e-02	-1.590804e-02	-7.328483e-03	1.399800e-02	-9.947213e-01	-1.016540e-01	m
TL4(Y)	-9.385000e-02	-1.590804e-02	-7.328483e-03	7.371889e-02	-1.003606e-01	9.922163e-01	m
TL4(Z)	-9.385000e-02	-1.590804e-02	-7.328483e-03	9.971808e-01	2.138200e-02	-7.192499e-02	m
TL5(X)	-9.092663e-02	-4.176874e-02	-3.915435e-02	-3.313359e-01	9.435076e-01	3.158999e-03	m
TL5(Y)	-9.092663e-02	-4.176874e-02	-3.915435e-02	-2.081975e-02	-3.963977e-03	-9.997754e-01	m
TL5(Z)	-9.092663e-02	-4.176874e-02	-3.915435e-02	9.432832e-01	3.313271e-01	-2.095700e-02	m
TL6(X)	-8.536487e-02	-5.424926e-02	-2.812693e-03	3.501960e-01	-9.232880e-01	-1.578040e-01	m
TL6(Y)	-8.536487e-02	-5.424926e-02	-2.812693e-03	7.288819e-02	-1.411002e-01	9.873085e-01	m
TL6(Z)	-8.536487e-02	-5.424926e-02	-2.812693e-03	9.338360e-01	3.572540e-01	-1.788400e-02	m
FR1(X)	4.344674e-02	1.037239e-01	-1.596379e-02	8.021912e-01	-5.544091e-01	2.216300e-01	m
FR1(Y)	4.344674e-02	1.037239e-01	-1.596379e-02	2.846500e-01	2.882018e-02	-9.581982e-01	m
FR1(Z)	4.344674e-02	1.037239e-01	-1.596379e-02	-5.248469e-01	-8.317448e-01	-1.809320e-01	m
FR2(X)	7.154518e-02	7.616197e-02	-2.658856e-02	5.155811e-01	-8.542601e-01	6.645101e-02	m
FR2(Y)	7.154518e-02	7.616197e-02	-2.658856e-02	1.427830e-01	9.187926e-03	-9.897114e-01	m
FR2(Z)	7.154518e-02	7.616197e-02	-2.658856e-02	-8.448608e-01	-5.197639e-01	-1.267110e-01	m
FR3(X)	2.671491e-02	1.016886e-01	2.233832e-02	-5.810279e-01	5.162219e-01	-6.292229e-01	m
FR3(Y)	2.671491e-02	1.016886e-01	2.233832e-02	-7.557163e-01	-5.516899e-02	6.525713e-01	m
FR3(Z)	2.671491e-02	1.016886e-01	2.233832e-02	-3.021580e-01	-8.546761e-01	-4.221721e-01	m
FR4(X)	6.040977e-02	8.095781e-02	1.411191e-02	-6.170893e-01	7.818183e-01	-8.922404e-02	m
FR4(Y)	6.040977e-02	8.095781e-02	1.411191e-02	-2.674036e-01	-1.017081e-01	9.582019e-01	m
FR4(Z)	6.040977e-02	8.095781e-02	1.411191e-02	-7.400649e-01	-6.151549e-01	-2.718240e-01	m
FR5(X)	8.084801e-02	5.126231e-02	1.593539e-03	-3.805190e-01	9.230649e-01	5.618299e-02	m
FR5(Y)	8.084801e-02	5.126231e-02	1.593539e-03	-1.022691e-01	-1.023838e-01	9.894739e-01	m
FR5(Z)	8.084801e-02	5.126231e-02	1.593539e-03	-9.191008e-01	-3.707679e-01	-1.333600e-01	m
FR6(X)	3.807730e-02	7.463757e-02	5.083652e-02	4.057179e-01	-8.053939e-01	4.321269e-01	m
FR6(Y)	3.807730e-02	7.463757e-02	5.083652e-02	7.911193e-01	7.266978e-02	-6.073297e-01	m
FR6(Z)	3.807730e-02	7.463757e-02	5.083652e-02	-4.577372e-01	-5.882682e-01	-6.666462e-01	m
FR7(X)	6.800889e-02	4.872368e-02	4.029380e-02	3.857611e-01	-9.150763e-01	1.175740e-01	m
FR7(Y)	6.800889e-02	4.872368e-02	4.029380e-02	5.110008e-01	1.058148e-01	-8.530425e-01	m
FR7(Z)	6.800889e-02	4.872368e-02	4.029380e-02	-7.681579e-01	-3.891510e-01	-5.084240e-01	m
PR1(X)	3.921185e-02	4.062163e-02	7.055845e-02	2.252591e-01	-9.357845e-01	2.712301e-01	m
PR1(Y)	3.921185e-02	4.062163e-02	7.055845e-02	8.674899e-01	6.590694e-02	-4.930695e-01	m
PR1(Z)	3.921185e-02	4.062163e-02	7.055845e-02	-4.435308e-01	-3.463579e-01	-8.266297e-01	m
PR2(X)	6.881005e-02	1.325623e-02	5.825281e-02	-2.561480e-01	9.623439e-01	-9.100799e-02	m
PR2(Y)	6.881005e-02	1.325623e-02	5.825281e-02	-6.515308e-01	-1.023321e-01	7.516886e-01	m
PR2(Z)	6.881005e-02	1.325623e-02	5.825281e-02	-7.140699e-01	-2.518380e-01	-6.532089e-01	m
PR3(X)	8.733025e-02	1.551192e-02	2.431858e-02	2.499709e-01	-9.644605e-01	-8.561796e-02	m
PR3(Y)	8.733025e-02	1.551192e-02	2.431858e-02	2.320146e-01	1.455128e-01	-9.617667e-01	m
PR3(Z)	8.733025e-02	1.551192e-02	2.431858e-02	-9.400446e-01	-2.205489e-01	-2.601429e-01	m
PR4(X)	3.907267e-02	3.297196e-03	8.273062e-02	1.488360e-01	-9.784078e-01	1.434090e-01	m
PR4(Y)	3.907267e-02	3.297196e-03	8.273062e-02	8.937118e-01	7.102205e-02	-4.429844e-01	m
PR4(Z)	3.907267e-02	3.297196e-03	8.273062e-02	-4.232340e-01	-1.940990e-01	-8.849850e-01	m
PR5(X)	6.805776e-02	-2.542820e-02	6.603586e-02	-3.655500e-02	9.926880e-01	1.150400e-01	m
PR5(Y)	6.805776e-02	-2.542820e-02	6.603586e-02	-7.056418e-01	-1.071545e-01	7.004196e-01	m
PR5(Z)	6.805776e-02	-2.542820e-02	6.603586e-02	-7.076252e-01	5.557302e-02	-7.043992e-01	m
PR6(X)	8.905858e-02	-2.444798e-02	3.095652e-02	-3.350001e-02	-9.824312e-01	-1.835940e-01	m
PR6(Y)	8.905858e-02	-2.444798e-02	3.095652e-02	2.915922e-01	1.660975e-01	-9.420115e-01	m
PR6(Z)	8.905858e-02	-2.444798e-02	3.095652e-02	-9.559559e-01	8.509199e-02	-2.809050e-01	m
PR7(X)	3.476546e-02	-3.716589e-02	8.626253e-02	-6.949998e-04	-9.897587e-01	-1.427490e-01	m
PR7(Y)	3.476546e-02	-3.716589e-02	8.626253e-02	9.355963e-01	4.975695e-02	-3.495480e-01	m
PR7(Z)	3.476546e-02	-3.716589e-02	8.626253e-02	-3.530710e-01	1.337990e-01	-9.259799e-01	m
PR8(X)	5.542074e-02	-6.307458e-02	6.487213e-02	-2.219209e-01	-8.762488e-01	-4.277139e-01	m
PR8(Y)	5.542074e-02	-6.307458e-02	6.487213e-02	7.773389e-01	1.058207e-01	-6.201179e-01	m
PR8(Z)	5.542074e-02	-6.307458e-02	6.487213e-02	-5.886386e-01	4.700957e-01	-6.576585e-01	m
PR9(X)	7.655256e-02	-6.376462e-02	3.367930e-02	3.567388e-01	8.749396e-01	3.274418e-01	m
PR9(Y)	7.655256e-02	-6.376462e-02	3.367930e-02	-4.269497e-01	-1.590638e-01	8.901756e-01	m
PR9(Z)	7.655256e-02	-6.376462e-02	3.367930e-02	-8.309342e-01	4.573611e-01	-3.168111e-01	m
OR1(X)	2.103247e-02	-8.068222e-02	6.856112e-02	1.445340e-01	7.149130e-01	6.841120e-01	m
OR1(Y)	2.103247e-02	-8.068222e-02	6.856112e-02	-9.726822e-01	-2.427427e-02	2.308681e-01	m
OR1(Z)	2.103247e-02	-8.068222e-02	6.856112e-02	-1.816570e-01	6.987918e-01	-6.918748e-01	m
OR2(X)	4.399712e-02	-9.343210e-02	3.838528e-02	-4.718719e-01	-5.815499e-01	-6.626739e-01	m
OR2(Y)	4.399712e-02	-9.343210e-02	3.838528e-02	7.749896e-01	8.479124e-02	-6.262600e-01	m
OR2(Z)	4.399712e-02	-9.343210e-02	3.838528e-02	-4.203901e-01	8.090802e-01	-4.106841e-01	m
OR3(X)	6.370708e-02	-9.044154e-02	2.559932e-03	6.720411e-01	6.888891e-01	2.716480e-01	m
OR3(Y)	6.370708e-02	-9.044154e-02	2.559932e-03	-2.436389e-01	-1.407179e-01	9.596033e-01	m
OR3(Z)	6.370708e-02	-9.044154e-02	2.559932e-03	-6.992859e-01	7.110769e-01	-7.327199e-02	m
OR4(X)	7.445774e-02	-7.841473e-02	-3.406999e-02	-5.580230e-01	-8.293090e-01	-2.927500e-02	m
OR4(Y)	7.445774e-02	-7.841473e-02	-3.406999e-02	1.334002e-02	2.630892e-02	-9.995648e-01	m
OR4(Z)	7.445774e-02	-7.841473e-02	-3.406999e-02	-8.297180e-01	5.581710e-01	3.618000e-03	m
OR5(X)	2.367052e-02	-1.110203e-01	8.522312e-03	5.154127e-01	2.985629e-01	8.032496e-01	m
OR5(Y)	2.367052e-02	-1.110203e-01	8.522312e-03	-8.332385e-01	-4.433272e-02	5.511336e-01	m
OR5(Z)	2.367052e-02	-1.110203e-01	8.522312e-03	-2.001580e-01	9.533599e-01	-2.259240e-01	m
OR6(X)	4.325506e-02	-1.067029e-01	-2.857025e-02	8.603421e-01	4.885851e-01	1.452450e-01	m
OR6(Y)	4.325506e-02	-1.067029e-01	-2.857025e-02	-1.497807e-01	-3.004111e-02	9.882628e-01	m
OR6(Z)	4.325506e-02	-1.067029e-01	-2.857025e-02	-4.872139e-01	8.719989e-01	-4.733499e-02	m
TR1(X)	8.704651e-02	4.119632e-02	-4.074822e-02	2.363209e-01	-9.704748e-01	4.828199e-02	m
TR1(Y)	8.704651e-02	4.119632e-02	-4.074822e-02	9.114576e-02	-2.733018e-02	-9.954625e-01	m
TR1(Z)	8.704651e-02	4.119632e-02	-4.074822e-02	-9.673908e-01	-2.396490e-01	-8.199599e-02	m
TR2(X)	9.055964e-02	2.112038e-02	-9.973552e-03	-2.130339e-01	9.722036e-01	9.714296e-02	m
TR2(Y)	9.055964e-02	2.112038e-02	-9.973552e-03	-6.056854e-03	-1.007375e-01	9.948946e-01	m
TR2(Z)	9.055964e-02	2.112038e-02	-9.973552e-03	-9.770260e-01	-2.113580e-01	-2.734900e-02	m
TR3(X)	9.535403e-02	8.067404e-04	-4.599747e-02	1.532370e-01	-9.876603e-01	3.233501e-02	m
TR3(Y)	9.535403e-02	8.067404e-04	-4.599747e-02	2.213436e-02	-2.928275e-02	-9.993261e-01	m
TR3(Z)	9.535403e-02	8.067404e-04	-4.599747e-02	-9.879414e-01	-1.538501e-01	-1.737401e-02	m
TR4(X)	9.484470e-02	-1.592348e-02	-7.257419e-03	1.416800e-02	9.947223e-01	1.016210e-01	m
TR4(Y)	9.484470e-02	-1.592348e-02	-7.257419e-03	-7.383086e-02	-1.003131e-01	9.922128e-01	m
TR4(Z)	9.484470e-02	-1.592348e-02	-7.257419e-03	-9.971701e-01	2.156000e-02	-7.202001e-02	m
TR5(X)	9.181801e-02	-4.207676e-02	-3.912197e-02	-3.338001e-01	-9.426382e-01	-3.288001e-03	m
TR5(Y)	9.181801e-02	-4.207676e-02	-3.912197e-02	2.056772e-02	-3.795967e-03	-9.997813e-01	m
TR5(Z)	9.181801e-02	-4.207676e-02	-3.912197e-02	-9.424193e-01	3.337951e-01	-2.065501e-02	m
TR6(X)	8.622649e-02	-5.461353e-02	-2.792088e-03	3.521911e-01	9.225152e-01	1.578830e-01	m
TR6(Y)	8.622649e-02	-5.461353e-02	-2.792088e-03	-7.270415e-02	-1.412151e-01	9.873056e-01	m
TR6(Z)	8.622649e-02	-5.461353e-02	-2.792088e-03	-9.331000e-01	3.591990e-01	-1.733600e-02	m
FC1(X)	-5.197801e-05	1.143702e-01	-1.051003e-02	4.511700e-02	1.928420e-01	-9.801920e-01	m
FC1(Y)	-5.197801e-05	1.143702e-01	-1.051003e-02	-9.989667e-01	3.330711e-03	-4.532589e-02	m
FC1(Z)	-5.197801e-05	1.143702e-01	-1.051003e-02	5.476001e-03	-9.812242e-01	-1.927930e-01	m
FC2(X)	-4.538901e-05	9.062669e-02	4.765339e-02	1.441201e-02	6.356894e-01	-7.718104e-01	m
FC2(Y)	-4.538901e-05	9.062669e-02	4.765339e-02	-9.998709e-01	3.672794e-03	-1.564554e-02	m
FC2(Z)	-4.538901e-05	9.062669e-02	4.765339e-02	7.111002e-03	-7.719362e-01	-6.356602e-01	m
PC1(X)	-2.089600e-05	6.206819e-02	7.093682e-02	6.307000e-03	8.719311e-01	-4.895880e-01	m
PC1(Y)	-2.089600e-05	6.206819e-02	7.093682e-02	-9.999628e-01	2.621370e-03	-8.213257e-03	m
PC1(Z)	-2.089600e-05	6.206819e-02	7.093682e-02	5.878000e-03	-4.896220e-01	-8.719150e-01	m
PC2(X)	-7.489993e-06	2.944001e-02	8.510123e-02	5.721002e-03	9.432493e-01	-3.320361e-01	m
PC2(Y)	-7.489993e-06	2.944001e-02	8.510123e-02	-9.999626e-01	3.243647e-03	-8.014851e-03	m
PC2(Z)	-7.489993e-06	2.944001e-02	8.510123e-02	6.482999e-03	-3.320689e-01	-9.432328e-01	m
PC3(X)	-2.227300e-05	-1.212292e-02	9.443218e-02	4.176000e-03	9.981810e-01	-6.014400e-02	m
PC3(Y)	-2.227300e-05	-1.212292e-02	9.443218e-02	-9.999653e-01	3.734806e-03	-7.446170e-03	m
PC3(Z)	-2.227300e-05	-1.212292e-02	9.443218e-02	7.208000e-03	-6.017300e-02	-9.981619e-01	m
PC4(X)	-4.087599e-05	-5.555366e-02	8.787715e-02	6.620001e-04	9.229551e-01	3.849070e-01	m
PC4(Y)	-4.087599e-05	-5.555366e-02	8.787715e-02	-9.999824e-01	2.879243e-03	-5.184171e-03	m
PC4(Z)	-4.087599e-05	-5.555366e-02	8.787715e-02	5.892998e-03	3.848969e-01	-9.229408e-01	m
OC1(X)	-6.415599e-05	-1.021937e-01	4.051957e-02	-4.376999e-03	4.439439e-01	8.960439e-01	m
OC1(Y)	-6.415599e-05	-1.021937e-01	4.051957e-02	-9.999782e-01	2.486985e-03	-6.116872e-03	m
OC1(Z)	-6.415599e-05	-1.021937e-01	4.051957e-02	4.943999e-03	8.960508e-01	-4.439239e-01	m
OC2(X)	-6.154201e-05	-1.175692e-01	-2.744382e-02	-5.898599e-02	6.699999e-02	9.960079e-01	m
OC2(Y)	-6.154201e-05	-1.175692e-01	-2.744382e-02	-9.982238e-01	4.392878e-03	-5.941273e-02	m
OC2(Z)	-6.154201e-05	-1.175692e-01	-2.744382e-02	8.356002e-03	9.977433e-01	-6.662202e-02	m
